Degrees (Az)    Degrees (El)    Slant Range (km)     Masked?        Received Time (ms)
----------------------------------------------------------------------------------------
313.978         4.137           120.85               False          1782174540750   
244.309         5.506           83.63                False          1782174541348   
258.565         5.901           70.78                False          1782174541923   
304.075         1.076           56.58                False          1782174542490   
312.671         0.581           49.95                False          1782174543073   
340.259         1.302           107.14               False          1782174543650   
328.158         1.031           43.36                False          1782174544237   
318.154         20.455          31.74                False          1782174544812   
353.09          0.762           98.19                False          1782174545389   
354.435         4.84            115.81               False          1782174545966   
355.368         1.157           89.98                False          1782174546544   
356.404         0.384           108.45               False          1782174547123   
309.66          23.457          7.32                 False          1782174547714   
0.399           0.073           116.42               False          1782174548307   
1.492           0.053           118.32               False          1782174548895   
12.74           8.717           80.04                False          1782174549470   
37.601          0.376           55.11                False          1782174550078   
80.713          8.743           75.99                False          1782174550650   
69.37           7.86            86.58                False          1782174551235   
57.869          7.362           97.17                False          1782174551829   
124.642         5.81            120.06               False          1782174552432   
